127 22 A 400
126 22 F 900
124 23 C 800
124 23 F 800
124 23 J 800
121 24 B 1100
122 25 A 600
129 25 C 2100
130 24 I 900
130 24 B 500
130 22 J 1300
131 22 J 1000
134 22 J 1400
138 24 A 1800
139 25 E 1600
140 25 F 1200
147 25 J 2000
145 25 F 1300
145 26 J 1300
150 27 A 1700
149 27 C 1100
153 26 F 1600
153 24 I 1800
156 24 I 1400
156 25 C 600
159 26 C 1600
159 26 D 900
164 26 A 1600
164 25 I 600
166 26 C 1100
166 26 D 900
166 27 D 900
165 27 E 1100
170 26 H 1600
170 26 E 1000
171 26 A 800
171 26 G 800
172 25 E 1400
177 25 C 1700
177 25 D 800
180 25 B 1200
181 24 J 800
179 24 H 1200
177 24 A 800
175 24 A 800
170 23 J 1700
166 23 C 1400
160 23 B 1600
161 23 F 1000
159 22 C 1800
164 21 J 1900
170 21 G 2000
172 20 F 1500
175 20 J 1500
179 21 C 1100
182 20 J 1600
183 21 F 800
182 22 B 400
177 22 A 1200
176 19 J 2300
185 20 A 1800
186 19 I 1000
187 20 D 1000
189 21 B 500
190 21 F 800
193 20 J 1600
194 21 G 900
194 22 D 400
193 22 D 700
193 23 C 400
196 23 B 1000
195 22 H 1200
186 23 A 2000
183 23 I 1500
187 25 F 2500
190 25 H 1400
192 26 G 1300
189 27 D 1500
189 27 F 800
191 28 J 1700
192 28 J 400
193 28 H 600
195 29 H 900
199 30 C 1700
202 30 B 700
203 29 J 1100
203 30 C 200
203 28 J 1300
208 28 H 1400
207 28 F 900
210 28 D 1500
210 27 G 600
209 26 H 800
211 26 D 1300
214 27 F 1700
216 28 C 1300
217 28 E 1000
221 27 F 1500
224 27 H 1200
225 27 H 800
226 28 I 1200
226 28 J 300
224 29 C 1300
227 30 B 1600
230 29 I 1400
230 30 H 400
228 31 A 400
226 30 I 1300
222 30 J 1700
220 30 I 1300
220 30 E 400
221 29 I 1000
217 30 B 1800
219 29 G 1000
219 30 I 1200
216 31 E 1000
218 31 J 1400
215 32 H 1500
213 33 H 1300
213 33 J 800
210 34 A 1000
209 33 E 1000
210 32 E 1200
211 32 E 800
213 30 H 2100
213 30 E 400
208 29 I 1800
205 31 A 1800
202 31 C 900
201 31 C 500
201 31 J 1000
199 31 H 1300
197 32 F 1000
197 32 J 900
195 33 B 800
195 34 C 1000
193 34 C 1000
190 34 B 1100
188 33 E 1200
189 32 I 1100
188 31 J 1100
186 32 B 700
184 32 A 600
183 32 A 400
179 32 A 1000
175 32 B 1100
173 31 I 1400
172 31 A 300
174 31 B 600
174 30 J 1000
177 30 H 1400
175 30 B 500
170 30 B 1100
170 29 H 700
169 29 E 900
169 28 G 500
175 27 F 2300
176 27 B 1000
178 27 A 1100
178 27 E 900
177 28 E 1200
180 28 D 1500
182 28 A 1200
181 28 C 1200
184 28 F 1300
185 26 G 2200
180 26 D 1900
196 26 B 3900
199 26 A 1200
202 25 H 1300
201 25 B 800
198 24 J 1200
193 24 G 1900
202 22 D 4100
206 22 C 1200
207 21 G 1000
207 21 C 300
205 20 I 1300
202 20 H 1300
201 20 G 800
202 19 F 1300
203 19 D 1000
198 19 C 1900
195 18 J 800
192 19 C 1500
192 19 J 200
193 19 G 800
190 19 D 1400
189 20 E 1200
196 20 F 1900
197 20 F 700
208 19 I 3000
216 20 E 2300
217 18 J 1700
216 18 I 500
219 18 A 1400
218 16 H 1500
221 17 A 1200
223 16 H 1000
224 15 I 1200
225 15 I 900
226 15 E 1100
224 14 H 1200
224 14 D 700
224 13 I 800
223 13 C 700
221 13 F 1200
218 13 C 1100
216 13 D 1000
214 13 D 1000
211 13 A 900
210 12 H 1200
210 14 D 1500
208 15 A 800
201 15 A 1900
204 14 C 1300
204 12 G 1600
203 12 E 800
201 12 H 1300
199 11 D 1900
197 10 E 1400
197 9 E 1000
197 9 D 800
198 8 F 800
199 8 C 1200
203 7 H 1300
203 8 F 800
202 9 G 1200
208 9 E 1900
210 8 E 1400
207 7 G 1200
207 6 H 600
210 5 G 1800
213 5 B 1200
215 4 H 1200
209 4 B 1700
209 3 J 700
208 3 J 900
210 3 C 1000
214 2 C 1800
214 1 J 900
217 2 C 1000
219 2 A 600
223 2 B 1100
223 2 G 800
222 2 I 1200
225 2 H 1500
228 2 E 1200
227 1 F 900
229 0 J 400
229 1 C 300
228 0 I 100
224 1 A 800
224 0 H -200
218 0 J 1100
217 1 C 500
218 0 G -100
211 0 A 1400
205 0 C 400
203 0 J 300
202 1 A 300
196 0 H 1000
195 0 G -200
194 1 F 700
189 2 C 1300
190 2 E 800
189 1 C 1400
186 1 G 1300
180 1 I 2100
179 2 J 1300
182 2 H 1600
183 3 F 900
181 4 D 1000
178 4 C 1200
173 4 E 1800
170 3 J 1300
170 4 G 1000
165 3 J 1700
165 4 D 700
165 3 G 1000
163 3 H 1400
162 3 A 500
163 2 I 1100
164 2 F 900
168 3 A 1000
167 2 D 800
167 1 A 1400
164 0 F 200
158 0 I 1000
157 1 J 1300
155 2 C 800
150 2 C 1400
146 2 A 1000
144 1 I 1400
147 1 G 1300
149 2 H 1500
148 3 D 700
148 3 E 700
148 3 E 700
149 3 H 1200
145 3 J 1600
140 4 D 1700
139 4 D 900
136 4 B 1100
137 3 C 1200
138 3 C 700
131 2 I 2300
130 3 F 900
127 4 E 1300
122 3 F 1900
120 3 F 1200
119 2 F 1300
116 2 E 1200
116 3 J 1500
114 3 J 1100
112 3 G 1400
111 4 E 900
106 3 J 1700
106 3 H 900
103 4 B 1000
102 4 B 700
101 3 H 1100
101 3 D 600
100 4 C 700
97 4 A 1000
97 4 B 500
94 4 A 1000
93 4 A 600
92 3 G 1200
91 2 J 1000
91 3 F 800
89 3 G 1300
89 2 D 1300
83 1 I 2200
81 2 D 800
82 3 C 600
83 4 B 600
85 4 H 1300
79 4 G 2200
77 4 F 1300
77 3 C 1400
78 2 F 1000
77 2 D 700
76 2 E 800
73 2 J 1500
73 2 H 1000
71 2 H 1300
71 3 D 500
71 3 E 700
71 3 E 700
66 3 B 1400
66 3 J 800
65 3 G 1200
65 2 F 1100
64 2 E 800
69 2 D 1500
69 1 E 1000
72 1 E 1100
71 0 A 1600
75 0 C 0
78 0 E 0
78 1 D 300
82 1 A 900
82 0 E -500
87 0 A 1000
89 0 G 0
85 1 D 1100
101 1 E 3700
106 1 B 1200
108 1 C 700
104 2 C 1800
98 4 J 3900
97 5 A 700
96 4 H 1000
94 4 I 1200
74 3 G 5200
73 4 J 1500
72 5 C 900
71 5 J 800
69 5 H 1100
65 5 J 1400
66 6 C 1000
64 6 H 1100
59 7 D 1900
58 7 H 800
54 8 C 1700
55 7 E 1000
53 8 J 1900
56 9 E 1300
59 8 J 800
59 9 F 600
61 9 G 900
66 8 J 1200
72 9 G 1700
74 9 H 800
74 9 G 500
74 9 G 500
75 8 C 1600
75 7 F 700
78 6 H 1200
78 6 D 900
80 6 E 1400
80 7 C 800
79 7 H 800
81 8 H 1000
81 10 C 1400
81 11 D 1100
85 11 A 900
87 10 B 600
92 9 I 1800
92 8 G 1200
92 7 F 1100
90 6 J 800
91 7 D 1200
91 7 G 700
93 7 D 1400
94 7 F 1000
95 7 I 700
94 8 E 1100
87 7 E 2400
84 7 G 1300
82 5 H 2300
84 5 D 1200
90 6 B 1800
100 5 I 2600
103 6 B 1200
106 5 H 1300
106 6 C 700
108 6 B 1100
108 6 C 800
108 6 C 800
109 7 B 900
107 6 I 900
105 7 F 1300
104 9 B 1700
108 9 F 1400
109 10 C 1100
113 10 B 900
113 9 F 500
112 9 B 1200
110 8 D 1200
114 8 D 1700
113 6 E 2200
111 6 F 1300
120 5 G 2800
122 6 F 1400
123 7 A 800
126 6 H 1200
125 6 B 900
128 5 G 1400
134 6 H 2300
134 7 B 700
141 7 B 2200
139 6 F 1200
143 6 G 1600
147 6 J 1300
150 7 E 1500
150 7 F 800
151 7 H 800
147 8 B 1600
144 8 B 1500
144 8 F 700
142 9 D 1300
146 8 H 1200
155 9 D 2700
154 8 F 800
159 7 J 1300
160 7 H 700
160 8 G 700
159 7 E 1400
156 6 C 1800
155 5 C 1200
155 4 A 1200
157 3 G 1400
162 4 J 2300
163 5 G 1100
163 5 J 600
167 6 D 1700
166 7 H 1500
168 8 A 1100
168 8 F 700
166 9 B 1300
165 8 H 600
167 9 J 1500
166 10 G 800
164 10 I 1200
160 11 A 800
160 10 H 800
157 11 C 800
156 11 F 800
156 12 A 100
152 12 D 1300
155 12 J 1500
155 13 E 700
153 15 A 2000
152 15 A 700
152 15 E 900
148 14 I 1500
143 15 A 1400
142 15 D 1000
138 14 J 1400
136 15 C 1100
133 14 I 1300
135 13 H 1500
134 13 A 500
140 13 D 1800
141 12 F 1000
142 13 G 1200
142 13 H 1000
144 11 I 2400
144 10 J 1000
143 11 C 500
140 11 C 900
134 11 A 1300
133 10 I 1100
132 10 H 900
128 9 H 1900
134 8 J 1400
121 8 H 3000
118 10 B 1900
122 10 J 1700
123 11 F 800
123 11 J 1000
123 13 C 1200
124 13 F 1000
119 14 A 1300
122 14 J 1300
121 16 D 1500
121 16 F 900
123 16 G 1200
123 17 G 1000
127 18 B 1600
126 17 C 1200
134 17 F 2400
134 18 D 1000
133 19 A 1000
133 19 G 500
135 20 I 1600
136 20 I 1000
138 20 E 800
139 20 E 600
138 19 D 1300
139 19 C 1100
141 18 E 1100
140 17 F 900
144 18 G 1800
149 19 B 1900
149 18 F 600
153 19 B 1700
153 17 I 1400
152 17 E 1100
156 18 C 1700
159 18 B 1500
157 17 G 1000
162 16 G 2000
165 16 G 1400
167 16 D 1300
170 15 I 1200
171 15 C 900
174 15 A 1100
175 15 C 900
172 15 E 1500
168 15 C 1500
166 13 F 2100
164 12 G 1400
163 13 G 1200
160 12 C 2000
158 10 E 2200
153 10 C 1200
150 10 F 1100
149 10 I 1000
149 6 A 4800
169 5 B 4700
176 5 C 2100
175 5 J 800
173 7 F 1900
175 7 I 900
179 8 A 1500
183 7 J 1100
184 8 F 900
179 9 B 1900
179 9 E 700
178 8 J 400
175 9 A 1500
175 10 H 1700
174 12 J 2300
174 13 D 600
170 12 F 1600
182 13 A 2600
187 13 D 1600
187 13 J 800
187 14 H 900
191 14 J 1500
192 14 H 1000
192 15 H 900
189 16 F 1600
195 16 I 1800
198 16 J 1100
205 17 B 2200
206 16 G 900
203 16 B 1300
204 17 J 1900
211 17 H 1900
222 19 B 3500
224 19 D 1200
224 19 J 200
224 20 H 700
225 21 G 800
228 22 A 700
230 22 E 1000
230 23 D 500
232 22 E 1400
233 22 D 700
233 21 C 1200
233 20 F 600
230 20 C 800
229 20 I 1000
232 19 B 2300
230 18 C 1400
230 18 B 900
231 18 A 1000
229 17 A 1400
232 16 E 1500
233 16 E 1200
235 15 H 1100
236 16 C 900
234 15 G 1200
232 15 A 900
232 15 C 700
229 14 H 1400
230 14 E 1000
232 13 J 1100
232 14 C 600
236 13 I 1600
239 14 A 900
239 14 G 1000
241 14 I 1200
243 15 H 1300
248 16 D 1800
244 17 C 1600
240 17 D 1800
240 17 H 600
238 18 F 1200
237 19 F 900
238 20 D 1000
238 21 F 1100
239 22 G 1200
239 22 I 1000
241 23 C 800
240 23 H 1200
242 23 I 1300
246 24 D 1400
245 22 F 2100
246 21 G 1200
248 21 E 900
246 18 B 3700
241 17 E 1800
235 16 I 1700
236 12 H 4300
239 11 I 1600
240 10 I 1200
241 10 I 1000
244 11 J 1700
243 12 J 1100
245 13 D 1000
248 13 D 1200
248 9 B 4300
248 9 A 900
248 9 A 900
245 8 G 1100
243 9 D 1300
236 8 E 2400
234 8 F 1100
233 8 H 700
232 8 G 800
230 7 E 1600
228 6 H 1000
225 6 F 1500
223 7 D 1300
220 7 J 1000
219 7 E 1000
217 6 A 1800
216 6 A 800
215 6 A 800
216 5 G 1000
223 5 A 1900
226 5 A 1100
226 4 I 700
232 3 I 2200
234 3 H 1400
231 3 E 1300
237 2 B 2500
236 1 D 700
236 1 C 300
236 1 C 300
234 1 C 700
240 1 C 1500
241 0 H 0
242 0 F -300
243 0 D -500
246 0 A 600
243 1 G 2200
244 2 B 400
246 4 B 2300
239 3 H 2300
238 4 E 900
216 2 E 6400
201 2 C 3400
198 2 H 1500
203 3 E 1600
197 4 G 2400
190 4 B 1900
187 4 G 1600
186 4 I 1000
174 0 H 6500
150 0 A 4800
137 0 D 1900
130 0 B 500
126 0 B -100
120 0 A 1200
119 0 B -700
120 0 J 100
129 1 F 2400
68 3 E 14000
65 4 I 2000
52 4 A 3000
51 3 D 900
49 3 F 1200
45 2 I 1700
43 3 D 900
42 2 G 1100
39 1 F 1700
40 0 J 200
41 0 E -300
43 0 G 0
46 1 B 700
48 0 J 400
54 1 B 1400
56 0 E -100
56 1 G 1200
60 1 C 1100
60 0 G -300
62 0 F -100
58 2 I 3000
38 1 G 5200
37 1 E 700
28 1 A 1900
29 1 G 900
30 2 C 500
31 3 C 1200
33 3 C 900
35 3 F 1200
32 3 J 1400
27 3 J 1700
26 4 I 1000
25 4 J 900
24 5 A 700
19 5 C 1700
17 5 B 1000
16 5 B 800
18 4 F 1400
19 4 D 900
21 2 H 2100
14 2 A 1600
14 2 E 600
11 2 D 1100
10 2 E 800
8 2 D 900
5 3 D 1100
5 4 A 300
2 4 C 1200
3 3 D 900
1 2 B 1700
2 1 C 1200
5 0 D 0
14 1 A 1800
19 0 H 800
30 0 B 1300
38 4 C 5600
39 4 I 1000
1 4 I 8400
